0 h 0
1 U 2 1 0
1 U 3 2 0
1 U 4 3 0
1 U 5 4 0
0 h 1
1 U 2 2 1
1 U 3 3 1
1 U 4 4 1
0 h 2
1 U 2 3 2
1 U 3 4 2
0 h 3
1 U 2 4 3
0 h 4
0 t 2 3 4
0 t 4 2 0
0 t 0 2 3
0 t 1 2 0
0 t 1 4 3
0 t 4 1 0
0 t 3 1 2
0 t 0 2 1
0 t 2 0 3
0 t 1 4 0
0 t 2 0 1
0 t 3 2 4
0 t 0 1 4
0 t 2 1 4
0 t 3 1 2
0 t 3 0 4
0 t 2 4 0
0 t 1 3 4
0 t 2 3 0
0 t 3 4 0
0 t 0 4 1
0 t 3 0 4
0 t 4 1 0
0 t 4 3 1
0 t 0 4 2
0 h 0
1 U 2 1 0
1 U 3 2 0
1 U 4 3 0
1 U 5 4 0
0 h 1
1 U 2 2 1
1 U 3 3 1
1 U 4 4 1
0 h 2
1 U 2 3 2
1 U 3 4 2
0 h 3
1 U 2 4 3
0 h 4
